clear all;
clc;
format longG;

list = [];

a = body;
a.name = 'Encoder';
a.V = 459.256600888;
a.roh = 3e-6;
a.m = a.V * a.roh;
a.CoM = [-0.1810282937	75.5945198601	-0.104516734]';
a.I = [ 7194.76583968	715.446183668	-98.2820997847;
        715.446183668	3730.3589275	413.063046732;
        -98.2820997847	413.063046732	7308.25223321] .* a.roh;
list = [list, a];


b = body;
b.name = 'Motor';
b.V = 906.141882642;
b.roh = 5e-6; % m = 4.5g
b.m = b.V * b.roh;
b.CoM = [2.99856091757E-12	62.7545570801	4.00785310004E-12]';
b.I = [ 28813.548463	1.81075431071E-12	4.4039967062;
        1.81075431071E-12	6935.12142747	-1.71434170689E-12;
        4.4039967062	-1.71434170689E-12	28808.4631656] .* b.roh;
list = [list, b];

c = body;
c.name = 'Getriebe';
c.V = 964.903384208;
c.roh = 4.7e-6; % m = 4.5g
c.m = c.V * c.roh;
c.CoM = [-0.0001371929	45.1188806154	0.0002382178]';
c.I = [ 34367.6814195	-1.7931057964	5.3224511693;
        -1.7931057964	7530.60291113	3.1032328192;
        5.3224511693	3.1032328192	34361.5345526] .* c.roh;
list = [list, c];


d = body;
d.name = 'Motorflansch';
d.V = 1537.2944286;
d.roh = 2.8e-6;
d.m = d.V * d.roh;
d.CoM = [-7.63433802149E-05	36.0786584823	-0.0396892057]';
d.I = [ 77466.2738057	-0.4353153445	43.6835511569;
        -0.4353153445	74649.8006405	-355.754810726;
        43.6835511569	-355.754810726	77967.9115501] .* d.roh;
list = [list, d];


e = body;
e.name = 'Werkzeugflansch';
e.V = 5041.36013422;
e.roh = 2.8e-6;
e.m = e.V * e.roh;
e.CoM = [4.75353090224E-11	25.750305766	-0.0837934787]';
e.I = [ 490087.611321	1.11758708954E-08	-2.60770320892E-08;
        1.11758708954E-08	933247.135783	-128.587967992;
        -2.60770320892E-08	-128.587967992	495844.918472] .* e.roh;
list = [list, e];


f = body;
f.name = 'Drehscheibe';
f.V = 2274.38975614;
f.roh = 2.8e-6;
f.m = f.V * f.roh;
f.CoM = [-0.004548421	18.2016397403	0.0370439159]';
f.I = [ 136868.33217	20.327773517	-342.59289209;
        20.327773517	246572.656086	-165.556429699;
        -342.59289209	-165.556429699	139616.462249] .* f.roh;
list = [list, f];


g = body;
g.name = 'Magnet';
g.V = 2213.00619499;
g.roh = 5.87e-6; % m = 13g
g.m = g.V * g.roh;
g.CoM = [3.16902060149E-12	7.6891408008	-0.0177737114]';
g.I = [ 66231.0062085	3.72529029846E-09	3.72529029846E-09;
        3.72529029846E-09	54954.3806535	267.893795177;
        3.72529029846E-09	267.893795177	66435.1975437] .* g.roh;
list = [list, g];


h = body;
h.name = 'Schraube_klein';
h.V = 6.4786113246;
h.roh = 5.8e-6;
h.m = h.V * h.roh;
h.CoM = [-1.4500000012	35.5945765913	2.5114736732]';
h.I = [ 9.7120952525	-8.51287040859E-09	0.0378069742;
        -8.51287040859E-09	2.6931246875	1.47538230522E-08;
        0.0378069742	1.47538230522E-08	9.668439519] .* h.roh;
list = [list, h];

i = h.copy();
i.rotateAroundAxis([0 0 0]', [0 1 0]', pi);
list = [list, i];


k = body;
k.name = 'Adapter';
k.V = 245.78037703;
k.roh = 7.85e-6;
k.m = k.V * k.roh;
k.CoM = [-0.0001655268	29.9332017937	-0.0001656199]';
k.I = [ 2385.14514609	0.0840855471	-4.58448193967E-05;
        0.0840855471	1515.76238271	0.0841287319;
        -4.58448193967E-05	0.0841287319	2385.14514402] .* k.roh;
list = [list, k];


l = body;
l.name = 'Schraube_gross';
l.V = 35.2500727317;
l.roh = 5.8e-6;
l.m = l.V * l.roh;
l.CoM = [-9	30.4366450715	6.97752966516E-12]';
l.I = [ 165.321760698	-8.73114913702E-11	5.82076609135E-11;
        -8.73114913702E-11	47.434325669	1.16415321827E-10;
        5.82076609135E-11	1.16415321827E-10	165.321760698] .* l.roh;
list = [list, l];

m = l.copy();
m.rotateAroundAxis([0 0 0]', [0 1 0]', 2*pi/3);
list = [list, m];

n = l.copy();
n.rotateAroundAxis([0 0 0]', [0 1 0]', -2*pi/3);
list = [list, n];


o = body;
o.name = 'Lager_klein';
o.V = 88.1216739332;
o.roh = 5.1e-6; %mass = 0.45g
o.m = o.V * o.roh;
o.CoM = [-22.9999995747	25.5000000003	1.6588235294]';
o.I = [ 332.253967021	-2.91038304567E-11	2.91038304567E-11;
        -2.91038304567E-11	332.253967021	5.82076609135E-11;
        2.91038304567E-11	5.82076609135E-11	523.708404092] .* o.roh;
list = [list, o];
p = o.copy();
p.rotateAroundAxis([0 25.5000000003 0]', [1 0 0]', pi);
list = [list, p];

q = o.copy();
q.rotateAroundAxis([0 0 0]', [0 1 0]', 2*pi/3);
list = [list, q];
r = p.copy();
r.rotateAroundAxis([0 0 0]', [0 1 0]', 2*pi/3);
list = [list, r];

s = o.copy();
s.rotateAroundAxis([0 0 0]', [0 1 0]', -2*pi/3);
list = [list, s];
t = p.copy();
t.rotateAroundAxis([0 0 0]', [0 1 0]', -2*pi/3);
list = [list, t];

% test = compound_bodys([o p q r s t]);

u = body;
u.name = 'Lager_gross';
u.V = 365.602845062;
u.roh = 5.1e-6; %mass = 1.87g
u.m = u.V * u.roh;
u.CoM = [3.21165316564E-12	27.7500000003	4.22062385041E-12]';
u.I = [ 5057.50602335	-4.65661287308E-10	4.65661287308E-10;
        -4.65661287308E-10	9368.5729047	-4.65661287308E-10;
        4.65661287308E-10	-4.65661287308E-10	5057.50602335] .* u.roh;
list = [list, u];

v = u.copy();
v.CoM = v.CoM + [0 -3.5 0]';
list = [list, v];


w = body;
w.name = 'Gewindestange';
w.V = 24.8981689773;
w.roh = 5.8e-6;
w.m = w.V * w.roh;
w.CoM = [3.31112914864E-12	15.0000000003	4.30588897871E-12]';
w.I = [ 136.594102856	-8.73114913702E-11	5.82076609135E-11;
        -8.73114913702E-11	12.3604831981	-5.82076609135E-11;
        5.82076609135E-11	-5.82076609135E-11	136.594102855] .* w.roh;
list = [list, w];

comp = compound_bodys(list);
